PCR-00: 01 00 00 00 00 00 00 00 00 00 00 00 00 00 00 00 00 00 00 00
PCR-01: 02 00 00 00 00 00 00 00 00 00 00 00 00 00 00 00 00 00 00 00
PCR-02: 03 00 00 00 00 00 00 00 00 00 00 00 00 00 00 00 00 00 00 00
PCR-03: 04 00 00 00 00 00 00 00 00 00 00 00 00 00 00 00 00 00 00 00
PCR-04: 05 00 00 00 00 00 00 00 00 00 00 00 00 00 00 00 00 00 00 00
PCR-05: 06 00 00 00 00 00 00 00 00 00 00 00 00 00 00 00 00 00 00 00
PCR-06: 07 00 00 00 00 00 00 00 00 00 00 00 00 00 00 00 00 00 00 00
PCR-07: 08 00 00 00 00 00 00 00 00 00 00 00 00 00 00 00 00 00 00 00
PCR-08: 09 00 00 00 00 00 00 00 00 00 00 00 00 00 00 00 00 00 00 00
PCR-09: 10 00 00 00 00 00 00 00 00 00 00 00 00 00 00 00 00 00 00 00
PCR-10: 11 00 00 00 00 00 00 00 00 00 00 00 00 00 00 00 00 00 00 00
PCR-11: 12 00 00 00 00 00 00 00 00 00 00 00 00 00 00 00 00 00 00 00
PCR-12: 13 00 00 00 00 00 00 00 00 00 00 00 00 00 00 00 00 00 00 00
PCR-13: 14 00 00 00 00 00 00 00 00 00 00 00 00 00 00 00 00 00 00 00
PCR-14: 15 00 00 00 00 00 00 00 00 00 00 00 00 00 00 00 00 00 00 00
PCR-15: 16 00 00 00 00 00 00 00 00 00 00 00 00 00 00 00 00 00 00 00
PCR-16: 17 00 00 00 00 00 00 00 00 00 00 00 00 00 00 00 00 00 00 00
PCR-17: 18 00 00 00 00 00 00 00 00 00 00 00 00 00 00 00 00 00 00 00
PCR-18: 19 00 00 00 00 00 00 00 00 00 00 00 00 00 00 00 00 00 00 00
PCR-19: 20 00 00 00 00 00 00 00 00 00 00 00 00 00 00 00 00 00 00 00
PCR-20: 21 00 00 00 00 00 00 00 00 00 00 00 00 00 00 00 00 00 00 00
PCR-21: 22 00 00 00 00 00 00 00 00 00 00 00 00 00 00 00 00 00 00 00
PCR-22: 23 00 00 00 00 00 00 00 00 00 00 00 00 00 00 00 00 00 00 00
PCR-23: 24 00 00 00 00 00 00 00 00 00 00 00 00 00 00 00 00 00 00 00
